initial_pose_x: 0.313812
initial_pose_y: 2.098363
initial_pose_a: -2.149180

