initial_pose_x: 2.470389
initial_pose_y: 4.710870
initial_pose_a: -2.347791

