initial_pose_x: 8.175546
initial_pose_y: -2.284045
initial_pose_a: -0.504529

